[demo]
name = "demo"
size = [ 1768, 994]
matrix = [ [ 2520.0897058227038, 0.0, 884.0], [ 0.0, 2520.0897058227038, 497.0], [ 0.0, 0.0, 1.0]]
distortions = [ 0.0, 0.0, 0.0, 0.0]
rotation = [ 1.2082126924727719, 1.2098328575850605, -1.2082126924727719]
translation = [ -3.510103521992233, 1.7079310029359385, 10.0]
fisheye = false

[metadata]
adjusted = false
error = 0.0
